MAE: 0.533200
RMSE: 0.745581
R2: 0.575788
